precision: 0.916405622326896
recall: 0.9085986995615493
map50: 0.9570111917284538
map50-95: 0.9291843262451657
f1score: 0.9124854628897762
