precision: 0.8355464209911663
recall: 0.7709702681993661
map50: 0.8661063656766881
map50-95: 0.69077828251987
f1score: 0.8019604808577002
